0.9997   -0.0236    0.0100   -0.0279
0.0239    0.9989   -0.0396    0.0249
-0.0091    0.0398    0.9992    0.0326
 0         0         0    1.0000
0.9998   -0.0019    0.0211   -0.1230
0.0026    0.9995   -0.0326   -0.0388
-0.0210    0.0327    0.9992   -0.0364
0         0         0    1.0000
0.9985   -0.0484    0.0252   -0.0015
0.0494    0.9978   -0.0434   -0.0352
-0.0231    0.0446    0.9987   -0.0445
0         0         0    1.0000
0.9986    0.0100    0.0521    0.0590
-0.0076    0.9990   -0.0452    0.0083
-0.0525    0.0447    0.9976    0.0315
0         0         0    1.0000
0.9990   -0.0403    0.0201    0.1096
0.0408    0.9989   -0.0231    0.0113
-0.0192    0.0239    0.9995    0.0490
0         0         0    1.0000
0.9984   -0.0364    0.0431   -0.0816
0.0375    0.9990   -0.0261   -0.0002
-0.0421    0.0277    0.9987    0.0401
0         0         0    1.0000
0.9991   -0.0315    0.0293    0.0258
0.0314    0.9995    0.0048   -0.0253
-0.0295   -0.0038    0.9996    0.0166
0         0         0    1.0000
0.9985   -0.0483    0.0265    0.0689
0.0493    0.9981   -0.0383    0.0391
-0.0246    0.0395    0.9989    0.0482
0         0         0    1.0000
0.9989   -0.0431    0.0204    0.0240
0.0439    0.9981   -0.0442   -0.0483
-0.0185    0.0450    0.9988   -0.0379
0         0         0    1.0000
0.9995   -0.0128    0.0286   -0.0872
0.0125    0.9999    0.0080    0.0052
-0.0287   -0.0076    0.9996    0.0130
0         0         0    1.0000
1.0000    0.0008    0.0029   -0.1351
-0.0008    1.0000    0.0023   -0.0010
-0.0029   -0.0023    1.0000   -0.0307
0         0         0    1.0000
0.9991   -0.0337    0.0238   -0.0933
0.0339    0.9994   -0.0077   -0.0457
-0.0236    0.0085    0.9997    0.0135
0         0         0    1.0000
0.9988   -0.0436    0.0208   -0.0003
0.0435    0.9990    0.0022    0.0036
-0.0209   -0.0013    0.9998   -0.0055
0         0         0    1.0000
0.9994   -0.0162    0.0302    0.1122
0.0170    0.9995   -0.0255   -0.0230
-0.0298    0.0260    0.9992   -0.0292
0         0         0    1.0000
1.0000   -0.0005   -0.0011   -0.0882
0.0005    1.0000    0.0034    0.0448
0.0011   -0.0034    1.0000   -0.0418
0         0         0    1.0000
0.9987   -0.0363    0.0358    0.0363
0.0380    0.9981   -0.0485    0.0074
-0.0339    0.0498    0.9982   -0.0448
0         0         0    1.0000
0.9983   -0.0393    0.0440   -0.1310
0.0416    0.9978   -0.0518    0.0360
-0.0418    0.0535    0.9977    0.0434
0         0         0    1.0000
0.9988   -0.0490   -0.0081    0.0040
0.0490    0.9988    0.0016   -0.0322
0.0080   -0.0020    1.0000   -0.0101
0         0         0    1.0000
0.9995    0.0084    0.0307   -0.0596
-0.0078    0.9998   -0.0193   -0.0204
-0.0309    0.0191    0.9993   -0.0167
0         0         0    1.0000
0.9998    0.0066    0.0180    0.1027
-0.0064    0.9999   -0.0119    0.0059
-0.0181    0.0117    0.9998    0.0354
 0         0         0    1.0000
0.9986   -0.0521   -0.0026   -0.0969
0.0519    0.9976   -0.0464    0.0163
0.0050    0.0462    0.9989   -0.0169
0         0         0    1.0000
0.9997   -0.0192    0.0160    0.0120
0.0193    0.9998   -0.0081    0.0207
-0.0159    0.0084    0.9998    0.0499
0         0         0    1.0000
0.9999    0.0064    0.0126    0.0792
-0.0064    1.0000   -0.0012    0.0318
-0.0126    0.0011    0.9999   -0.0400
0         0         0    1.0000
0.9984   -0.0324    0.0469    0.0066
0.0326    0.9995   -0.0031   -0.0164
-0.0467    0.0046    0.9989   -0.0324
0         0         0    1.0000
0.9990   -0.0253    0.0363   -0.0095
0.0266    0.9990   -0.0368    0.0412
-0.0353    0.0377    0.9987   -0.0396
0         0         0    1.0000
0.9989   -0.0462    0.0034   -0.0947
0.0462    0.9989    0.0016    0.0097
-0.0034   -0.0014    1.0000   -0.0200
0         0         0    1.0000
0.9989   -0.0464   -0.0092   -0.1286
0.0462    0.9988   -0.0178   -0.0258
0.0100    0.0173    0.9998   -0.0446
0         0         0    1.0000
0.9986   -0.0525   -0.0036   -0.0910
0.0524    0.9984   -0.0187   -0.0407
0.0046    0.0184    0.9998   -0.0193
0         0         0    1.0000
0.9997   -0.0218   -0.0071   -0.0504
0.0217    0.9997   -0.0087   -0.0203
0.0073    0.0086    0.9999   -0.0438
0         0         0    1.0000
0.9981   -0.0468    0.0388    0.0784
0.0467    0.9989    0.0049    0.0131
-0.0390   -0.0031    0.9992   -0.0410
0         0         0    1.0000
0.9993   -0.0369    0.0085    0.0101
0.0370    0.9993   -0.0112   -0.0391
-0.0080    0.0115    0.9999    0.0326
0         0         0    1.0000

