
val(:,:,1) =

   -0.0091    0.0398    0.9992    0.0321
    0.0239    0.9989   -0.0396    0.0261
   -0.9997    0.0236   -0.0100    0.5779
         0         0         0    1.0000


val(:,:,2) =

   -0.0210    0.0327    0.9992   -0.0374
    0.0026    0.9995   -0.0326   -0.0387
   -0.9998    0.0019   -0.0211    0.6730
         0         0         0    1.0000


val(:,:,3) =

   -0.0231    0.0446    0.9987   -0.0457
    0.0494    0.9978   -0.0434   -0.0328
   -0.9985    0.0484   -0.0252    0.5516
         0         0         0    1.0000


val(:,:,4) =

   -0.0525    0.0447    0.9976    0.0289
   -0.0076    0.9990   -0.0452    0.0079
   -0.9986   -0.0100   -0.0521    0.4911
         0         0         0    1.0000


val(:,:,5) =

   -0.0192    0.0239    0.9995    0.0480
    0.0408    0.9989   -0.0231    0.0133
   -0.9990    0.0403   -0.0201    0.4404
         0         0         0    1.0000


val(:,:,6) =

   -0.0421    0.0277    0.9987    0.0380
    0.0375    0.9990   -0.0261    0.0017
   -0.9984    0.0364   -0.0431    0.6317
         0         0         0    1.0000


val(:,:,7) =

   -0.0295   -0.0038    0.9996    0.0152
    0.0314    0.9995    0.0048   -0.0238
   -0.9991    0.0315   -0.0293    0.5243
         0         0         0    1.0000


val(:,:,8) =

   -0.0246    0.0395    0.9989    0.0470
    0.0493    0.9981   -0.0383    0.0415
   -0.9985    0.0483   -0.0265    0.4812
         0         0         0    1.0000


val(:,:,9) =

   -0.0185    0.0450    0.9988   -0.0388
    0.0439    0.9981   -0.0442   -0.0461
   -0.9989    0.0431   -0.0204    0.5260
         0         0         0    1.0000


val(:,:,10) =

   -0.0287   -0.0076    0.9996    0.0116
    0.0125    0.9999    0.0080    0.0059
   -0.9995    0.0128   -0.0286    0.6372
         0         0         0    1.0000


val(:,:,11) =

   -0.0029   -0.0023    1.0000   -0.0309
   -0.0008    1.0000    0.0023   -0.0011
   -1.0000   -0.0008   -0.0029    0.6851
         0         0         0    1.0000


val(:,:,12) =

   -0.0236    0.0085    0.9997    0.0123
    0.0339    0.9994   -0.0077   -0.0440
   -0.9991    0.0337   -0.0238    0.6433
         0         0         0    1.0000


val(:,:,13) =

   -0.0209   -0.0013    0.9998   -0.0065
    0.0435    0.9990    0.0022    0.0058
   -0.9988    0.0436   -0.0208    0.5503
         0         0         0    1.0000


val(:,:,14) =

   -0.0298    0.0260    0.9992   -0.0306
    0.0170    0.9995   -0.0255   -0.0221
   -0.9994    0.0162   -0.0302    0.4379
         0         0         0    1.0000


val(:,:,15) =

    0.0011   -0.0034    1.0000   -0.0417
    0.0005    1.0000    0.0034    0.0448
   -1.0000    0.0005    0.0011    0.6382
         0         0         0    1.0000


val(:,:,16) =

   -0.0339    0.0498    0.9982   -0.0465
    0.0380    0.9981   -0.0485    0.0093
   -0.9987    0.0363   -0.0358    0.5138
         0         0         0    1.0000


val(:,:,17) =

   -0.0418    0.0535    0.9977    0.0413
    0.0416    0.9978   -0.0518    0.0381
   -0.9983    0.0393   -0.0440    0.6811
         0         0         0    1.0000


val(:,:,18) =

    0.0080   -0.0020    1.0000   -0.0097
    0.0490    0.9988    0.0016   -0.0298
   -0.9988    0.0490    0.0081    0.5460
         0         0         0    1.0000


val(:,:,19) =

   -0.0309    0.0191    0.9993   -0.0183
   -0.0078    0.9998   -0.0193   -0.0208
   -0.9995   -0.0084   -0.0307    0.6096
         0         0         0    1.0000


val(:,:,20) =

   -0.0181    0.0117    0.9998    0.0345
   -0.0064    0.9999   -0.0119    0.0056
   -0.9998   -0.0066   -0.0180    0.4473
         0         0         0    1.0000


val(:,:,21) =

    0.0050    0.0462    0.9989   -0.0167
    0.0519    0.9976   -0.0464    0.0189
   -0.9986    0.0521    0.0026    0.6469
         0         0         0    1.0000


val(:,:,22) =

   -0.0159    0.0084    0.9998    0.0492
    0.0193    0.9998   -0.0081    0.0217
   -0.9997    0.0192   -0.0160    0.5380
         0         0         0    1.0000


val(:,:,23) =

   -0.0126    0.0011    0.9999   -0.0406
   -0.0064    1.0000   -0.0012    0.0315
   -0.9999   -0.0064   -0.0126    0.4708
         0         0         0    1.0000


val(:,:,24) =

   -0.0467    0.0046    0.9989   -0.0348
    0.0326    0.9995   -0.0031   -0.0148
   -0.9984    0.0324   -0.0469    0.5435
         0         0         0    1.0000


val(:,:,25) =

   -0.0353    0.0377    0.9987   -0.0414
    0.0266    0.9990   -0.0368    0.0425
   -0.9990    0.0253   -0.0363    0.5595
         0         0         0    1.0000


val(:,:,26) =

   -0.0034   -0.0014    1.0000   -0.0202
    0.0462    0.9989    0.0016    0.0120
   -0.9989    0.0462   -0.0034    0.6448
         0         0         0    1.0000


val(:,:,27) =

    0.0100    0.0173    0.9998   -0.0441
    0.0462    0.9988   -0.0178   -0.0234
   -0.9989    0.0464    0.0092    0.6786
         0         0         0    1.0000


val(:,:,28) =

    0.0046    0.0184    0.9998   -0.0190
    0.0524    0.9984   -0.0187   -0.0380
   -0.9986    0.0525    0.0036    0.6411
         0         0         0    1.0000


val(:,:,29) =

    0.0073    0.0086    0.9999   -0.0434
    0.0217    0.9997   -0.0087   -0.0192
   -0.9997    0.0218    0.0071    0.6004
         0         0         0    1.0000


val(:,:,30) =

   -0.0390   -0.0031    0.9992   -0.0430
    0.0467    0.9989    0.0049    0.0154
   -0.9981    0.0468   -0.0388    0.4717
         0         0         0    1.0000

